{
  "nbformat": 4,
  "nbformat_minor": 0,
  "metadata": {
    "colab": {
      "provenance": []
    },
    "kernelspec": {
      "name": "python3",
      "display_name": "Python 3"
    },
    "language_info": {
      "name": "python"
    }
  },
  "cells": [
    {
      "cell_type": "code",
      "source": [
        "# 1a\n",
        "import numpy as np\n",
        "import pandas as pd\n",
        "import matplotlib.pyplot as plt\n",
        "%matplotlib inline\n",
        "\n",
        "df = pd.read_csv('/content/train-val.csv')\n"
      ],
      "metadata": {
        "id": "fbQtw6iYBrJk"
      },
      "execution_count": 1,
      "outputs": []
    },
    {
      "cell_type": "code",
      "source": [
        "# 2a\n",
        "# Print the number of samples (rows) and features (columns)\n",
        "print(f'Number of samples: {df.shape[0]}')\n",
        "print(f'Number of features: {df.shape[1]}')"
      ],
      "metadata": {
        "id": "dnd0K49PNK1T",
        "colab": {
          "base_uri": "https://localhost:8080/"
        },
        "outputId": "fa8a9a95-943e-4cb3-fa20-5a2537d05682"
      },
      "execution_count": 2,
      "outputs": [
        {
          "output_type": "stream",
          "name": "stdout",
          "text": [
            "Number of samples: 7262\n",
            "Number of features: 24\n"
          ]
        }
      ]
    },
    {
      "cell_type": "code",
      "source": [
        "# 2b\n",
        "\n",
        "# Checking the data type of each attribute\n",
        "df.info()"
      ],
      "metadata": {
        "colab": {
          "base_uri": "https://localhost:8080/"
        },
        "id": "QfWtuI_4Knf2",
        "outputId": "7b7ff511-3de0-47f2-b340-51ec48964907"
      },
      "execution_count": 3,
      "outputs": [
        {
          "output_type": "stream",
          "name": "stdout",
          "text": [
            "<class 'pandas.core.frame.DataFrame'>\n",
            "RangeIndex: 7262 entries, 0 to 7261\n",
            "Data columns (total 24 columns):\n",
            " #   Column         Non-Null Count  Dtype  \n",
            "---  ------         --------------  -----  \n",
            " 0   ID             7262 non-null   int64  \n",
            " 1   Date           7262 non-null   object \n",
            " 2   Location       7262 non-null   object \n",
            " 3   MinTemp        7237 non-null   float64\n",
            " 4   MaxTemp        7251 non-null   float64\n",
            " 5   Rainfall       7262 non-null   float64\n",
            " 6   Evaporation    4223 non-null   float64\n",
            " 7   Sunshine       3817 non-null   float64\n",
            " 8   WindGustDir    6787 non-null   object \n",
            " 9   WindGustSpeed  6789 non-null   float64\n",
            " 10  WindDir9am     6692 non-null   object \n",
            " 11  WindDir3pm     7049 non-null   object \n",
            " 12  WindSpeed9am   7207 non-null   float64\n",
            " 13  WindSpeed3pm   7128 non-null   float64\n",
            " 14  Humidity9am    7185 non-null   float64\n",
            " 15  Humidity3pm    7094 non-null   float64\n",
            " 16  Pressure9am    6576 non-null   float64\n",
            " 17  Pressure3pm    6575 non-null   float64\n",
            " 18  Cloud9am       4592 non-null   float64\n",
            " 19  Cloud3pm       4443 non-null   float64\n",
            " 20  Temp9am        7228 non-null   float64\n",
            " 21  Temp3pm        7142 non-null   float64\n",
            " 22  RainToday      7262 non-null   int64  \n",
            " 23  RainTomorrow   7262 non-null   int64  \n",
            "dtypes: float64(16), int64(3), object(5)\n",
            "memory usage: 1.3+ MB\n"
          ]
        }
      ]
    },
    {
      "cell_type": "code",
      "source": [
        "# 2c\n",
        "\n",
        "# Print the attribute labels\n",
        "print(\"Attribute labels:\")\n",
        "print(df.columns.tolist())"
      ],
      "metadata": {
        "colab": {
          "base_uri": "https://localhost:8080/"
        },
        "id": "GGnKn9svLD2n",
        "outputId": "54ce1893-330b-48ab-b628-1e1f3d9e6578"
      },
      "execution_count": 4,
      "outputs": [
        {
          "output_type": "stream",
          "name": "stdout",
          "text": [
            "Attribute labels:\n",
            "['ID', 'Date', 'Location', 'MinTemp', 'MaxTemp', 'Rainfall', 'Evaporation', 'Sunshine', 'WindGustDir', 'WindGustSpeed', 'WindDir9am', 'WindDir3pm', 'WindSpeed9am', 'WindSpeed3pm', 'Humidity9am', 'Humidity3pm', 'Pressure9am', 'Pressure3pm', 'Cloud9am', 'Cloud3pm', 'Temp9am', 'Temp3pm', 'RainToday', 'RainTomorrow']\n"
          ]
        }
      ]
    },
    {
      "cell_type": "code",
      "source": [
        "# 2d\n",
        "\n",
        "# Calculate the number of categories\n",
        "categories_count = df['RainTomorrow'].nunique()\n",
        "\n",
        "print(\"Number of categories for 'target' =\", (categories_count))\n"
      ],
      "metadata": {
        "colab": {
          "base_uri": "https://localhost:8080/"
        },
        "id": "_zwM4tbnMwh-",
        "outputId": "b0c3ca00-6236-4c44-e222-415c41b2a653"
      },
      "execution_count": 5,
      "outputs": [
        {
          "output_type": "stream",
          "name": "stdout",
          "text": [
            "Number of categories for 'target' = 2\n"
          ]
        }
      ]
    },
    {
      "cell_type": "code",
      "source": [
        "# 2e\n",
        "\n",
        "# Calculation of the number of samples for each category in RainTomorrow\n",
        "samples_count = df['RainTomorrow'].value_counts()\n",
        "\n",
        "print(\"Number of samples in each category of\", samples_count)"
      ],
      "metadata": {
        "colab": {
          "base_uri": "https://localhost:8080/"
        },
        "id": "rugZ7L2fNih4",
        "outputId": "100e1dbf-675f-4962-bc0d-d8fb5b4d879e"
      },
      "execution_count": 6,
      "outputs": [
        {
          "output_type": "stream",
          "name": "stdout",
          "text": [
            "Number of samples in each category of RainTomorrow\n",
            "0    5623\n",
            "1    1639\n",
            "Name: count, dtype: int64\n"
          ]
        }
      ]
    },
    {
      "cell_type": "code",
      "source": [
        "# 2st\n",
        "# We remove non-numeric features\n",
        "numeric_df = df.select_dtypes(include=['float64', 'int64'])\n",
        "\n",
        "# Calculation of correlation\n",
        "correlation_matrix = numeric_df.corr()\n",
        "\n",
        "correlation_matrix"
      ],
      "metadata": {
        "colab": {
          "base_uri": "https://localhost:8080/",
          "height": 665
        },
        "id": "rbtZM19gPeVI",
        "outputId": "489a6c44-1f26-4c3b-f339-95028ed81068"
      },
      "execution_count": 7,
      "outputs": [
        {
          "output_type": "execute_result",
          "data": {
            "text/plain": [
              "                     ID   MinTemp   MaxTemp  Rainfall  Evaporation  Sunshine  \\\n",
              "ID             1.000000  0.101510  0.133521 -0.032217     0.071010  0.051325   \n",
              "MinTemp        0.101510  1.000000  0.709894  0.093915     0.460272  0.064273   \n",
              "MaxTemp        0.133521  0.709894  1.000000 -0.098454     0.571740  0.469705   \n",
              "Rainfall      -0.032217  0.093915 -0.098454  1.000000    -0.074776 -0.182762   \n",
              "Evaporation    0.071010  0.460272  0.571740 -0.074776     1.000000  0.348179   \n",
              "Sunshine       0.051325  0.064273  0.469705 -0.182762     0.348179  1.000000   \n",
              "WindGustSpeed  0.043297  0.165904  0.008927  0.182268     0.168108 -0.068132   \n",
              "WindSpeed9am   0.069138  0.199696  0.009758  0.127017     0.207150  0.020779   \n",
              "WindSpeed3pm   0.030900  0.192065  0.057063  0.093557     0.135517  0.047236   \n",
              "Humidity9am   -0.117635 -0.227187 -0.485498  0.204239    -0.502250 -0.463217   \n",
              "Humidity3pm   -0.075666  0.023297 -0.493780  0.235734    -0.373950 -0.621705   \n",
              "Pressure9am   -0.084635 -0.366575 -0.217367 -0.192867    -0.208560  0.093877   \n",
              "Pressure3pm   -0.089954 -0.378641 -0.326057 -0.133201    -0.244390  0.025512   \n",
              "Cloud9am      -0.071564  0.056189 -0.315717  0.188081    -0.193750 -0.690637   \n",
              "Cloud3pm      -0.064091 -0.000523 -0.314760  0.165398    -0.196783 -0.715964   \n",
              "Temp9am        0.136345  0.888775  0.881857 -0.009739     0.552718  0.295746   \n",
              "Temp3pm        0.125620  0.679368  0.983124 -0.100264     0.558556  0.494379   \n",
              "RainToday     -0.008100  0.064523 -0.240200  0.508495    -0.178420 -0.283477   \n",
              "RainTomorrow  -0.000595  0.076245 -0.175112  0.206823    -0.111138 -0.433374   \n",
              "\n",
              "               WindGustSpeed  WindSpeed9am  WindSpeed3pm  Humidity9am  \\\n",
              "ID                  0.043297      0.069138      0.030900    -0.117635   \n",
              "MinTemp             0.165904      0.199696      0.192065    -0.227187   \n",
              "MaxTemp             0.008927      0.009758      0.057063    -0.485498   \n",
              "Rainfall            0.182268      0.127017      0.093557     0.204239   \n",
              "Evaporation         0.168108      0.207150      0.135517    -0.502250   \n",
              "Sunshine           -0.068132      0.020779      0.047236    -0.463217   \n",
              "WindGustSpeed       1.000000      0.630244      0.706897    -0.218186   \n",
              "WindSpeed9am        0.630244      1.000000      0.543124    -0.299031   \n",
              "WindSpeed3pm        0.706897      0.543124      1.000000    -0.167797   \n",
              "Humidity9am        -0.218186     -0.299031     -0.167797     1.000000   \n",
              "Humidity3pm         0.008154     -0.033898      0.002906     0.647581   \n",
              "Pressure9am        -0.496235     -0.263245     -0.335823     0.124066   \n",
              "Pressure3pm        -0.445468     -0.209356     -0.297948     0.179100   \n",
              "Cloud9am            0.087869      0.034047      0.063603     0.442494   \n",
              "Cloud3pm            0.140471      0.061122      0.059018     0.366222   \n",
              "Temp9am             0.127086      0.144137      0.176276    -0.475319   \n",
              "Temp3pm            -0.028502     -0.006178      0.028872    -0.475040   \n",
              "RainToday           0.201441      0.127078      0.119698     0.333259   \n",
              "RainTomorrow        0.291813      0.109336      0.137652     0.230218   \n",
              "\n",
              "               Humidity3pm  Pressure9am  Pressure3pm  Cloud9am  Cloud3pm  \\\n",
              "ID               -0.075666    -0.084635    -0.089954 -0.071564 -0.064091   \n",
              "MinTemp           0.023297    -0.366575    -0.378641  0.056189 -0.000523   \n",
              "MaxTemp          -0.493780    -0.217367    -0.326057 -0.315717 -0.314760   \n",
              "Rainfall          0.235734    -0.192867    -0.133201  0.188081  0.165398   \n",
              "Evaporation      -0.373950    -0.208560    -0.244390 -0.193750 -0.196783   \n",
              "Sunshine         -0.621705     0.093877     0.025512 -0.690637 -0.715964   \n",
              "WindGustSpeed     0.008154    -0.496235    -0.445468  0.087869  0.140471   \n",
              "WindSpeed9am     -0.033898    -0.263245    -0.209356  0.034047  0.061122   \n",
              "WindSpeed3pm      0.002906    -0.335823    -0.297948  0.063603  0.059018   \n",
              "Humidity9am       0.647581     0.124066     0.179100  0.442494  0.366222   \n",
              "Humidity3pm       1.000000    -0.063455     0.021869  0.516019  0.538802   \n",
              "Pressure9am      -0.063455     1.000000     0.959433 -0.114579 -0.157067   \n",
              "Pressure3pm       0.021869     0.959433     1.000000 -0.043778 -0.094079   \n",
              "Cloud9am          0.516019    -0.114579    -0.043778  1.000000  0.613362   \n",
              "Cloud3pm          0.538802    -0.157067    -0.094079  0.613362  1.000000   \n",
              "Temp9am          -0.220208    -0.328377    -0.384364 -0.169043 -0.166195   \n",
              "Temp3pm          -0.548739    -0.171373    -0.287821 -0.329026 -0.355004   \n",
              "RainToday         0.366509    -0.222591    -0.125932  0.275507  0.252889   \n",
              "RainTomorrow      0.438218    -0.298347    -0.273816  0.307484  0.379395   \n",
              "\n",
              "                Temp9am   Temp3pm  RainToday  RainTomorrow  \n",
              "ID             0.136345  0.125620  -0.008100     -0.000595  \n",
              "MinTemp        0.888775  0.679368   0.064523      0.076245  \n",
              "MaxTemp        0.881857  0.983124  -0.240200     -0.175112  \n",
              "Rainfall      -0.009739 -0.100264   0.508495      0.206823  \n",
              "Evaporation    0.552718  0.558556  -0.178420     -0.111138  \n",
              "Sunshine       0.295746  0.494379  -0.283477     -0.433374  \n",
              "WindGustSpeed  0.127086 -0.028502   0.201441      0.291813  \n",
              "WindSpeed9am   0.144137 -0.006178   0.127078      0.109336  \n",
              "WindSpeed3pm   0.176276  0.028872   0.119698      0.137652  \n",
              "Humidity9am   -0.475319 -0.475040   0.333259      0.230218  \n",
              "Humidity3pm   -0.220208 -0.548739   0.366509      0.438218  \n",
              "Pressure9am   -0.328377 -0.171373  -0.222591     -0.298347  \n",
              "Pressure3pm   -0.384364 -0.287821  -0.125932     -0.273816  \n",
              "Cloud9am      -0.169043 -0.329026   0.275507      0.307484  \n",
              "Cloud3pm      -0.166195 -0.355004   0.252889      0.379395  \n",
              "Temp9am        1.000000  0.851284  -0.102103     -0.040164  \n",
              "Temp3pm        0.851284  1.000000  -0.247586     -0.212247  \n",
              "RainToday     -0.102103 -0.247586   1.000000      0.287683  \n",
              "RainTomorrow  -0.040164 -0.212247   0.287683      1.000000  "
            ],
            "text/html": [
              "\n",
              "  <div id=\"df-69a8fd34-5243-4f1a-b3cc-678cbd526a93\" class=\"colab-df-container\">\n",
              "    <div>\n",
              "<style scoped>\n",
              "    .dataframe tbody tr th:only-of-type {\n",
              "        vertical-align: middle;\n",
              "    }\n",
              "\n",
              "    .dataframe tbody tr th {\n",
              "        vertical-align: top;\n",
              "    }\n",
              "\n",
              "    .dataframe thead th {\n",
              "        text-align: right;\n",
              "    }\n",
              "</style>\n",
              "<table border=\"1\" class=\"dataframe\">\n",
              "  <thead>\n",
              "    <tr style=\"text-align: right;\">\n",
              "      <th></th>\n",
              "      <th>ID</th>\n",
              "      <th>MinTemp</th>\n",
              "      <th>MaxTemp</th>\n",
              "      <th>Rainfall</th>\n",
              "      <th>Evaporation</th>\n",
              "      <th>Sunshine</th>\n",
              "      <th>WindGustSpeed</th>\n",
              "      <th>WindSpeed9am</th>\n",
              "      <th>WindSpeed3pm</th>\n",
              "      <th>Humidity9am</th>\n",
              "      <th>Humidity3pm</th>\n",
              "      <th>Pressure9am</th>\n",
              "      <th>Pressure3pm</th>\n",
              "      <th>Cloud9am</th>\n",
              "      <th>Cloud3pm</th>\n",
              "      <th>Temp9am</th>\n",
              "      <th>Temp3pm</th>\n",
              "      <th>RainToday</th>\n",
              "      <th>RainTomorrow</th>\n",
              "    </tr>\n",
              "  </thead>\n",
              "  <tbody>\n",
              "    <tr>\n",
              "      <th>ID</th>\n",
              "      <td>1.000000</td>\n",
              "      <td>0.101510</td>\n",
              "      <td>0.133521</td>\n",
              "      <td>-0.032217</td>\n",
              "      <td>0.071010</td>\n",
              "      <td>0.051325</td>\n",
              "      <td>0.043297</td>\n",
              "      <td>0.069138</td>\n",
              "      <td>0.030900</td>\n",
              "      <td>-0.117635</td>\n",
              "      <td>-0.075666</td>\n",
              "      <td>-0.084635</td>\n",
              "      <td>-0.089954</td>\n",
              "      <td>-0.071564</td>\n",
              "      <td>-0.064091</td>\n",
              "      <td>0.136345</td>\n",
              "      <td>0.125620</td>\n",
              "      <td>-0.008100</td>\n",
              "      <td>-0.000595</td>\n",
              "    </tr>\n",
              "    <tr>\n",
              "      <th>MinTemp</th>\n",
              "      <td>0.101510</td>\n",
              "      <td>1.000000</td>\n",
              "      <td>0.709894</td>\n",
              "      <td>0.093915</td>\n",
              "      <td>0.460272</td>\n",
              "      <td>0.064273</td>\n",
              "      <td>0.165904</td>\n",
              "      <td>0.199696</td>\n",
              "      <td>0.192065</td>\n",
              "      <td>-0.227187</td>\n",
              "      <td>0.023297</td>\n",
              "      <td>-0.366575</td>\n",
              "      <td>-0.378641</td>\n",
              "      <td>0.056189</td>\n",
              "      <td>-0.000523</td>\n",
              "      <td>0.888775</td>\n",
              "      <td>0.679368</td>\n",
              "      <td>0.064523</td>\n",
              "      <td>0.076245</td>\n",
              "    </tr>\n",
              "    <tr>\n",
              "      <th>MaxTemp</th>\n",
              "      <td>0.133521</td>\n",
              "      <td>0.709894</td>\n",
              "      <td>1.000000</td>\n",
              "      <td>-0.098454</td>\n",
              "      <td>0.571740</td>\n",
              "      <td>0.469705</td>\n",
              "      <td>0.008927</td>\n",
              "      <td>0.009758</td>\n",
              "      <td>0.057063</td>\n",
              "      <td>-0.485498</td>\n",
              "      <td>-0.493780</td>\n",
              "      <td>-0.217367</td>\n",
              "      <td>-0.326057</td>\n",
              "      <td>-0.315717</td>\n",
              "      <td>-0.314760</td>\n",
              "      <td>0.881857</td>\n",
              "      <td>0.983124</td>\n",
              "      <td>-0.240200</td>\n",
              "      <td>-0.175112</td>\n",
              "    </tr>\n",
              "    <tr>\n",
              "      <th>Rainfall</th>\n",
              "      <td>-0.032217</td>\n",
              "      <td>0.093915</td>\n",
              "      <td>-0.098454</td>\n",
              "      <td>1.000000</td>\n",
              "      <td>-0.074776</td>\n",
              "      <td>-0.182762</td>\n",
              "      <td>0.182268</td>\n",
              "      <td>0.127017</td>\n",
              "      <td>0.093557</td>\n",
              "      <td>0.204239</td>\n",
              "      <td>0.235734</td>\n",
              "      <td>-0.192867</td>\n",
              "      <td>-0.133201</td>\n",
              "      <td>0.188081</td>\n",
              "      <td>0.165398</td>\n",
              "      <td>-0.009739</td>\n",
              "      <td>-0.100264</td>\n",
              "      <td>0.508495</td>\n",
              "      <td>0.206823</td>\n",
              "    </tr>\n",
              "    <tr>\n",
              "      <th>Evaporation</th>\n",
              "      <td>0.071010</td>\n",
              "      <td>0.460272</td>\n",
              "      <td>0.571740</td>\n",
              "      <td>-0.074776</td>\n",
              "      <td>1.000000</td>\n",
              "      <td>0.348179</td>\n",
              "      <td>0.168108</td>\n",
              "      <td>0.207150</td>\n",
              "      <td>0.135517</td>\n",
              "      <td>-0.502250</td>\n",
              "      <td>-0.373950</td>\n",
              "      <td>-0.208560</td>\n",
              "      <td>-0.244390</td>\n",
              "      <td>-0.193750</td>\n",
              "      <td>-0.196783</td>\n",
              "      <td>0.552718</td>\n",
              "      <td>0.558556</td>\n",
              "      <td>-0.178420</td>\n",
              "      <td>-0.111138</td>\n",
              "    </tr>\n",
              "    <tr>\n",
              "      <th>Sunshine</th>\n",
              "      <td>0.051325</td>\n",
              "      <td>0.064273</td>\n",
              "      <td>0.469705</td>\n",
              "      <td>-0.182762</td>\n",
              "      <td>0.348179</td>\n",
              "      <td>1.000000</td>\n",
              "      <td>-0.068132</td>\n",
              "      <td>0.020779</td>\n",
              "      <td>0.047236</td>\n",
              "      <td>-0.463217</td>\n",
              "      <td>-0.621705</td>\n",
              "      <td>0.093877</td>\n",
              "      <td>0.025512</td>\n",
              "      <td>-0.690637</td>\n",
              "      <td>-0.715964</td>\n",
              "      <td>0.295746</td>\n",
              "      <td>0.494379</td>\n",
              "      <td>-0.283477</td>\n",
              "      <td>-0.433374</td>\n",
              "    </tr>\n",
              "    <tr>\n",
              "      <th>WindGustSpeed</th>\n",
              "      <td>0.043297</td>\n",
              "      <td>0.165904</td>\n",
              "      <td>0.008927</td>\n",
              "      <td>0.182268</td>\n",
              "      <td>0.168108</td>\n",
              "      <td>-0.068132</td>\n",
              "      <td>1.000000</td>\n",
              "      <td>0.630244</td>\n",
              "      <td>0.706897</td>\n",
              "      <td>-0.218186</td>\n",
              "      <td>0.008154</td>\n",
              "      <td>-0.496235</td>\n",
              "      <td>-0.445468</td>\n",
              "      <td>0.087869</td>\n",
              "      <td>0.140471</td>\n",
              "      <td>0.127086</td>\n",
              "      <td>-0.028502</td>\n",
              "      <td>0.201441</td>\n",
              "      <td>0.291813</td>\n",
              "    </tr>\n",
              "    <tr>\n",
              "      <th>WindSpeed9am</th>\n",
              "      <td>0.069138</td>\n",
              "      <td>0.199696</td>\n",
              "      <td>0.009758</td>\n",
              "      <td>0.127017</td>\n",
              "      <td>0.207150</td>\n",
              "      <td>0.020779</td>\n",
              "      <td>0.630244</td>\n",
              "      <td>1.000000</td>\n",
              "      <td>0.543124</td>\n",
              "      <td>-0.299031</td>\n",
              "      <td>-0.033898</td>\n",
              "      <td>-0.263245</td>\n",
              "      <td>-0.209356</td>\n",
              "      <td>0.034047</td>\n",
              "      <td>0.061122</td>\n",
              "      <td>0.144137</td>\n",
              "      <td>-0.006178</td>\n",
              "      <td>0.127078</td>\n",
              "      <td>0.109336</td>\n",
              "    </tr>\n",
              "    <tr>\n",
              "      <th>WindSpeed3pm</th>\n",
              "      <td>0.030900</td>\n",
              "      <td>0.192065</td>\n",
              "      <td>0.057063</td>\n",
              "      <td>0.093557</td>\n",
              "      <td>0.135517</td>\n",
              "      <td>0.047236</td>\n",
              "      <td>0.706897</td>\n",
              "      <td>0.543124</td>\n",
              "      <td>1.000000</td>\n",
              "      <td>-0.167797</td>\n",
              "      <td>0.002906</td>\n",
              "      <td>-0.335823</td>\n",
              "      <td>-0.297948</td>\n",
              "      <td>0.063603</td>\n",
              "      <td>0.059018</td>\n",
              "      <td>0.176276</td>\n",
              "      <td>0.028872</td>\n",
              "      <td>0.119698</td>\n",
              "      <td>0.137652</td>\n",
              "    </tr>\n",
              "    <tr>\n",
              "      <th>Humidity9am</th>\n",
              "      <td>-0.117635</td>\n",
              "      <td>-0.227187</td>\n",
              "      <td>-0.485498</td>\n",
              "      <td>0.204239</td>\n",
              "      <td>-0.502250</td>\n",
              "      <td>-0.463217</td>\n",
              "      <td>-0.218186</td>\n",
              "      <td>-0.299031</td>\n",
              "      <td>-0.167797</td>\n",
              "      <td>1.000000</td>\n",
              "      <td>0.647581</td>\n",
              "      <td>0.124066</td>\n",
              "      <td>0.179100</td>\n",
              "      <td>0.442494</td>\n",
              "      <td>0.366222</td>\n",
              "      <td>-0.475319</td>\n",
              "      <td>-0.475040</td>\n",
              "      <td>0.333259</td>\n",
              "      <td>0.230218</td>\n",
              "    </tr>\n",
              "    <tr>\n",
              "      <th>Humidity3pm</th>\n",
              "      <td>-0.075666</td>\n",
              "      <td>0.023297</td>\n",
              "      <td>-0.493780</td>\n",
              "      <td>0.235734</td>\n",
              "      <td>-0.373950</td>\n",
              "      <td>-0.621705</td>\n",
              "      <td>0.008154</td>\n",
              "      <td>-0.033898</td>\n",
              "      <td>0.002906</td>\n",
              "      <td>0.647581</td>\n",
              "      <td>1.000000</td>\n",
              "      <td>-0.063455</td>\n",
              "      <td>0.021869</td>\n",
              "      <td>0.516019</td>\n",
              "      <td>0.538802</td>\n",
              "      <td>-0.220208</td>\n",
              "      <td>-0.548739</td>\n",
              "      <td>0.366509</td>\n",
              "      <td>0.438218</td>\n",
              "    </tr>\n",
              "    <tr>\n",
              "      <th>Pressure9am</th>\n",
              "      <td>-0.084635</td>\n",
              "      <td>-0.366575</td>\n",
              "      <td>-0.217367</td>\n",
              "      <td>-0.192867</td>\n",
              "      <td>-0.208560</td>\n",
              "      <td>0.093877</td>\n",
              "      <td>-0.496235</td>\n",
              "      <td>-0.263245</td>\n",
              "      <td>-0.335823</td>\n",
              "      <td>0.124066</td>\n",
              "      <td>-0.063455</td>\n",
              "      <td>1.000000</td>\n",
              "      <td>0.959433</td>\n",
              "      <td>-0.114579</td>\n",
              "      <td>-0.157067</td>\n",
              "      <td>-0.328377</td>\n",
              "      <td>-0.171373</td>\n",
              "      <td>-0.222591</td>\n",
              "      <td>-0.298347</td>\n",
              "    </tr>\n",
              "    <tr>\n",
              "      <th>Pressure3pm</th>\n",
              "      <td>-0.089954</td>\n",
              "      <td>-0.378641</td>\n",
              "      <td>-0.326057</td>\n",
              "      <td>-0.133201</td>\n",
              "      <td>-0.244390</td>\n",
              "      <td>0.025512</td>\n",
              "      <td>-0.445468</td>\n",
              "      <td>-0.209356</td>\n",
              "      <td>-0.297948</td>\n",
              "      <td>0.179100</td>\n",
              "      <td>0.021869</td>\n",
              "      <td>0.959433</td>\n",
              "      <td>1.000000</td>\n",
              "      <td>-0.043778</td>\n",
              "      <td>-0.094079</td>\n",
              "      <td>-0.384364</td>\n",
              "      <td>-0.287821</td>\n",
              "      <td>-0.125932</td>\n",
              "      <td>-0.273816</td>\n",
              "    </tr>\n",
              "    <tr>\n",
              "      <th>Cloud9am</th>\n",
              "      <td>-0.071564</td>\n",
              "      <td>0.056189</td>\n",
              "      <td>-0.315717</td>\n",
              "      <td>0.188081</td>\n",
              "      <td>-0.193750</td>\n",
              "      <td>-0.690637</td>\n",
              "      <td>0.087869</td>\n",
              "      <td>0.034047</td>\n",
              "      <td>0.063603</td>\n",
              "      <td>0.442494</td>\n",
              "      <td>0.516019</td>\n",
              "      <td>-0.114579</td>\n",
              "      <td>-0.043778</td>\n",
              "      <td>1.000000</td>\n",
              "      <td>0.613362</td>\n",
              "      <td>-0.169043</td>\n",
              "      <td>-0.329026</td>\n",
              "      <td>0.275507</td>\n",
              "      <td>0.307484</td>\n",
              "    </tr>\n",
              "    <tr>\n",
              "      <th>Cloud3pm</th>\n",
              "      <td>-0.064091</td>\n",
              "      <td>-0.000523</td>\n",
              "      <td>-0.314760</td>\n",
              "      <td>0.165398</td>\n",
              "      <td>-0.196783</td>\n",
              "      <td>-0.715964</td>\n",
              "      <td>0.140471</td>\n",
              "      <td>0.061122</td>\n",
              "      <td>0.059018</td>\n",
              "      <td>0.366222</td>\n",
              "      <td>0.538802</td>\n",
              "      <td>-0.157067</td>\n",
              "      <td>-0.094079</td>\n",
              "      <td>0.613362</td>\n",
              "      <td>1.000000</td>\n",
              "      <td>-0.166195</td>\n",
              "      <td>-0.355004</td>\n",
              "      <td>0.252889</td>\n",
              "      <td>0.379395</td>\n",
              "    </tr>\n",
              "    <tr>\n",
              "      <th>Temp9am</th>\n",
              "      <td>0.136345</td>\n",
              "      <td>0.888775</td>\n",
              "      <td>0.881857</td>\n",
              "      <td>-0.009739</td>\n",
              "      <td>0.552718</td>\n",
              "      <td>0.295746</td>\n",
              "      <td>0.127086</td>\n",
              "      <td>0.144137</td>\n",
              "      <td>0.176276</td>\n",
              "      <td>-0.475319</td>\n",
              "      <td>-0.220208</td>\n",
              "      <td>-0.328377</td>\n",
              "      <td>-0.384364</td>\n",
              "      <td>-0.169043</td>\n",
              "      <td>-0.166195</td>\n",
              "      <td>1.000000</td>\n",
              "      <td>0.851284</td>\n",
              "      <td>-0.102103</td>\n",
              "      <td>-0.040164</td>\n",
              "    </tr>\n",
              "    <tr>\n",
              "      <th>Temp3pm</th>\n",
              "      <td>0.125620</td>\n",
              "      <td>0.679368</td>\n",
              "      <td>0.983124</td>\n",
              "      <td>-0.100264</td>\n",
              "      <td>0.558556</td>\n",
              "      <td>0.494379</td>\n",
              "      <td>-0.028502</td>\n",
              "      <td>-0.006178</td>\n",
              "      <td>0.028872</td>\n",
              "      <td>-0.475040</td>\n",
              "      <td>-0.548739</td>\n",
              "      <td>-0.171373</td>\n",
              "      <td>-0.287821</td>\n",
              "      <td>-0.329026</td>\n",
              "      <td>-0.355004</td>\n",
              "      <td>0.851284</td>\n",
              "      <td>1.000000</td>\n",
              "      <td>-0.247586</td>\n",
              "      <td>-0.212247</td>\n",
              "    </tr>\n",
              "    <tr>\n",
              "      <th>RainToday</th>\n",
              "      <td>-0.008100</td>\n",
              "      <td>0.064523</td>\n",
              "      <td>-0.240200</td>\n",
              "      <td>0.508495</td>\n",
              "      <td>-0.178420</td>\n",
              "      <td>-0.283477</td>\n",
              "      <td>0.201441</td>\n",
              "      <td>0.127078</td>\n",
              "      <td>0.119698</td>\n",
              "      <td>0.333259</td>\n",
              "      <td>0.366509</td>\n",
              "      <td>-0.222591</td>\n",
              "      <td>-0.125932</td>\n",
              "      <td>0.275507</td>\n",
              "      <td>0.252889</td>\n",
              "      <td>-0.102103</td>\n",
              "      <td>-0.247586</td>\n",
              "      <td>1.000000</td>\n",
              "      <td>0.287683</td>\n",
              "    </tr>\n",
              "    <tr>\n",
              "      <th>RainTomorrow</th>\n",
              "      <td>-0.000595</td>\n",
              "      <td>0.076245</td>\n",
              "      <td>-0.175112</td>\n",
              "      <td>0.206823</td>\n",
              "      <td>-0.111138</td>\n",
              "      <td>-0.433374</td>\n",
              "      <td>0.291813</td>\n",
              "      <td>0.109336</td>\n",
              "      <td>0.137652</td>\n",
              "      <td>0.230218</td>\n",
              "      <td>0.438218</td>\n",
              "      <td>-0.298347</td>\n",
              "      <td>-0.273816</td>\n",
              "      <td>0.307484</td>\n",
              "      <td>0.379395</td>\n",
              "      <td>-0.040164</td>\n",
              "      <td>-0.212247</td>\n",
              "      <td>0.287683</td>\n",
              "      <td>1.000000</td>\n",
              "    </tr>\n",
              "  </tbody>\n",
              "</table>\n",
              "</div>\n",
              "    <div class=\"colab-df-buttons\">\n",
              "\n",
              "  <div class=\"colab-df-container\">\n",
              "    <button class=\"colab-df-convert\" onclick=\"convertToInteractive('df-69a8fd34-5243-4f1a-b3cc-678cbd526a93')\"\n",
              "            title=\"Convert this dataframe to an interactive table.\"\n",
              "            style=\"display:none;\">\n",
              "\n",
              "  <svg xmlns=\"http://www.w3.org/2000/svg\" height=\"24px\" viewBox=\"0 -960 960 960\">\n",
              "    <path d=\"M120-120v-720h720v720H120Zm60-500h600v-160H180v160Zm220 220h160v-160H400v160Zm0 220h160v-160H400v160ZM180-400h160v-160H180v160Zm440 0h160v-160H620v160ZM180-180h160v-160H180v160Zm440 0h160v-160H620v160Z\"/>\n",
              "  </svg>\n",
              "    </button>\n",
              "\n",
              "  <style>\n",
              "    .colab-df-container {\n",
              "      display:flex;\n",
              "      gap: 12px;\n",
              "    }\n",
              "\n",
              "    .colab-df-convert {\n",
              "      background-color: #E8F0FE;\n",
              "      border: none;\n",
              "      border-radius: 50%;\n",
              "      cursor: pointer;\n",
              "      display: none;\n",
              "      fill: #1967D2;\n",
              "      height: 32px;\n",
              "      padding: 0 0 0 0;\n",
              "      width: 32px;\n",
              "    }\n",
              "\n",
              "    .colab-df-convert:hover {\n",
              "      background-color: #E2EBFA;\n",
              "      box-shadow: 0px 1px 2px rgba(60, 64, 67, 0.3), 0px 1px 3px 1px rgba(60, 64, 67, 0.15);\n",
              "      fill: #174EA6;\n",
              "    }\n",
              "\n",
              "    .colab-df-buttons div {\n",
              "      margin-bottom: 4px;\n",
              "    }\n",
              "\n",
              "    [theme=dark] .colab-df-convert {\n",
              "      background-color: #3B4455;\n",
              "      fill: #D2E3FC;\n",
              "    }\n",
              "\n",
              "    [theme=dark] .colab-df-convert:hover {\n",
              "      background-color: #434B5C;\n",
              "      box-shadow: 0px 1px 3px 1px rgba(0, 0, 0, 0.15);\n",
              "      filter: drop-shadow(0px 1px 2px rgba(0, 0, 0, 0.3));\n",
              "      fill: #FFFFFF;\n",
              "    }\n",
              "  </style>\n",
              "\n",
              "    <script>\n",
              "      const buttonEl =\n",
              "        document.querySelector('#df-69a8fd34-5243-4f1a-b3cc-678cbd526a93 button.colab-df-convert');\n",
              "      buttonEl.style.display =\n",
              "        google.colab.kernel.accessAllowed ? 'block' : 'none';\n",
              "\n",
              "      async function convertToInteractive(key) {\n",
              "        const element = document.querySelector('#df-69a8fd34-5243-4f1a-b3cc-678cbd526a93');\n",
              "        const dataTable =\n",
              "          await google.colab.kernel.invokeFunction('convertToInteractive',\n",
              "                                                    [key], {});\n",
              "        if (!dataTable) return;\n",
              "\n",
              "        const docLinkHtml = 'Like what you see? Visit the ' +\n",
              "          '<a target=\"_blank\" href=https://colab.research.google.com/notebooks/data_table.ipynb>data table notebook</a>'\n",
              "          + ' to learn more about interactive tables.';\n",
              "        element.innerHTML = '';\n",
              "        dataTable['output_type'] = 'display_data';\n",
              "        await google.colab.output.renderOutput(dataTable, element);\n",
              "        const docLink = document.createElement('div');\n",
              "        docLink.innerHTML = docLinkHtml;\n",
              "        element.appendChild(docLink);\n",
              "      }\n",
              "    </script>\n",
              "  </div>\n",
              "\n",
              "\n",
              "<div id=\"df-d9306304-b7b2-4d0e-9122-adba0cd1301c\">\n",
              "  <button class=\"colab-df-quickchart\" onclick=\"quickchart('df-d9306304-b7b2-4d0e-9122-adba0cd1301c')\"\n",
              "            title=\"Suggest charts\"\n",
              "            style=\"display:none;\">\n",
              "\n",
              "<svg xmlns=\"http://www.w3.org/2000/svg\" height=\"24px\"viewBox=\"0 0 24 24\"\n",
              "     width=\"24px\">\n",
              "    <g>\n",
              "        <path d=\"M19 3H5c-1.1 0-2 .9-2 2v14c0 1.1.9 2 2 2h14c1.1 0 2-.9 2-2V5c0-1.1-.9-2-2-2zM9 17H7v-7h2v7zm4 0h-2V7h2v10zm4 0h-2v-4h2v4z\"/>\n",
              "    </g>\n",
              "</svg>\n",
              "  </button>\n",
              "\n",
              "<style>\n",
              "  .colab-df-quickchart {\n",
              "      --bg-color: #E8F0FE;\n",
              "      --fill-color: #1967D2;\n",
              "      --hover-bg-color: #E2EBFA;\n",
              "      --hover-fill-color: #174EA6;\n",
              "      --disabled-fill-color: #AAA;\n",
              "      --disabled-bg-color: #DDD;\n",
              "  }\n",
              "\n",
              "  [theme=dark] .colab-df-quickchart {\n",
              "      --bg-color: #3B4455;\n",
              "      --fill-color: #D2E3FC;\n",
              "      --hover-bg-color: #434B5C;\n",
              "      --hover-fill-color: #FFFFFF;\n",
              "      --disabled-bg-color: #3B4455;\n",
              "      --disabled-fill-color: #666;\n",
              "  }\n",
              "\n",
              "  .colab-df-quickchart {\n",
              "    background-color: var(--bg-color);\n",
              "    border: none;\n",
              "    border-radius: 50%;\n",
              "    cursor: pointer;\n",
              "    display: none;\n",
              "    fill: var(--fill-color);\n",
              "    height: 32px;\n",
